229 700 774 56 
110 366 322 46 
85 224 263 25 
49 132 147 21 
31 133 128 9 
24 84 220 4 
32 85 123 15 
25 87 122 21 
34 104 86 10 
10 33 155 2 
46 82 72 4 
19 72 84 10 
19 81 54 9 
18 56 77 2 
13 32 97 4 
12 55 79 6 
16 60 35 4 
21 51 65 5 
13 61 49 8 
15 63 44 4 
15 62 47 2 
10 55 63 5 
13 53 23 4 
8 35 53 4 
10 47 43 2 
14 47 51 2 
20 47 39 4 
14 54 48 2 
19 50 35 1 
16 36 46 10 
3 32 62 2 
26 29 38 6 
6 42 38 3 
9 37 46 5 
11 36 41 11 
18 42 38 3 
6 37 53 3 
9 48 41 1 
12 34 35 2 
3 31 60 2 
13 32 22 1 
15 28 41 6 
11 36 34 9 
18 34 30 6 
4 32 47 2 
6 29 31 10 
7 22 39 0 
12 21 47 1 
2 17 34 1 
10 26 30 1 
11 28 39 0 
6 47 16 6 
7 27 27 9 
8 31 32 4 
3 38 33 2 
15 27 20 7 
11 26 38 0 
5 28 28 2 
7 27 28 5 
8 33 21 5 
13 20 21 0 
12 32 18 0 
7 40 16 3 
4 15 39 0 
12 22 34 2 
12 25 23 1 
4 33 32 1 
6 25 31 5 
11 19 36 2 
9 27 11 3 
5 10 44 0 
8 29 23 1 
5 26 24 2 
10 29 20 2 
6 18 37 1 
5 21 31 4 
6 25 20 3 
5 30 28 0 
10 28 18 3 
6 24 22 3 
8 27 16 4 
7 17 25 1 
9 24 24 1 
7 26 19 3 
7 20 21 3 
2 11 11 1 
2 20 26 1 
7 12 33 1 
15 22 15 1 
3 19 25 1 
5 18 22 4 
13 22 16 2 
6 22 25 0 
6 14 10 3 
6 28 14 1 
4 19 22 5 
7 10 30 1 
1 25 19 2 
11 16 10 3 
7 20 23 2 
1 29 13 5 
3 17 16 5 
1 33 13 4 
7 19 17 0 
11 11 21 1 
4 12 21 1 
9 21 16 0 
8 24 13 3 
5 12 31 2 
4 18 21 2 
3 19 14 2 
2 10 7 2 
3 14 14 3 
8 20 14 0 
10 10 21 1 
5 19 16 5 
2 14 22 3 
4 20 19 1 
3 21 18 0 
10 13 17 2 
7 23 9 2 
7 12 17 4 
1 22 17 1 
6 24 11 1 
5 19 15 2 
9 16 15 1 
9 20 12 2 
5 18 12 2 
4 11 26 1 
9 20 11 0 
8 12 17 3 
3 4 8 1 
5 10 19 1 
3 10 20 4 
6 13 15 1 
4 17 20 1 
4 18 15 1 
4 18 16 0 
2 22 8 0 
7 12 13 1 
3 10 21 0 
2 14 18 5 
3 13 20 2 
7 10 17 6 
2 24 8 2 
4 20 10 1 
0 15 14 1 
6 8 22 0 
2 15 22 1 
2 9 12 2 
6 14 11 2 
5 15 11 3 
4 18 14 3 
4 16 15 3 
3 9 19 2 
4 18 13 1 
5 7 13 1 
2 12 12 2 
6 23 7 1 
5 17 12 3 
6 15 13 0 
5 17 7 3 
2 13 18 2 
7 11 10 1 
7 11 12 0 
2 18 15 0 
7 7 14 2 
5 20 10 0 
4 14 13 0 
2 12 17 0 
6 8 12 3 
1 15 14 4 
2 10 17 0 
6 13 13 0 
9 13 8 0 
1 16 13 3 
2 9 15 1 
4 14 9 4 
5 16 9 0 
3 9 18 1 
5 25 3 0 
5 5 18 4 
5 15 11 1 
13 9 3 4 
7 18 1 4 
2 15 11 2 
8 12 11 2 
0 12 11 2 
1 7 10 6 
2 15 3 9 
1 14 14 1 
5 18 2 0 
7 8 9 0 
7 14 8 1 
7 11 10 1 
1 16 13 1 
1 11 9 0 
8 10 7 1 
16 6 8 1 
2 7 14 0 
4 13 13 1 
6 21 3 0 
4 16 8 0 
1 13 9 3 
4 12 12 1 
2 12 12 0 
2 12 13 2 
2 3 16 2 
4 13 8 5 
8 13 8 0 
5 7 13 0 
7 10 12 1 
4 14 10 0 
8 9 10 0 
7 12 10 0 
2 12 13 1 
1 11 8 6 
11 8 4 5 
2 12 7 6 
8 14 4 1 
1 9 13 2 
3 14 5 5 
3 12 6 6 
6 8 13 0 
0 8 10 7 
1 14 11 1 
4 16 6 0 
5 15 6 1 
2 5 16 1 
0 10 9 6 
0 4 22 1 
2 12 13 1 
1 13 12 2 
2 10 10 2 
4 10 10 1 
1 9 9 0 
2 15 7 1 
4 10 10 1 
0 0 27 0 
5 9 8 2 
4 10 10 0 
0 6 11 0 
3 8 15 0 
4 12 6 5 
3 14 5 2 
3 10 12 1 
3 14 9 0 
5 13 6 2 
4 4 17 0 
1 6 15 1 
3 10 12 1 
1 4 14 3 
5 12 6 2 
3 7 8 2 
4 12 7 2 
4 6 13 1 
7 12 5 0 
2 9 11 0 
7 10 8 0 
2 14 6 1 
1 16 3 1 
4 9 9 0 
2 14 2 0 
2 6 8 4 
5 14 4 1 
3 7 11 0 
2 12 9 0 
9 11 0 2 
0 5 15 2 
2 13 8 0 
1 7 16 0 
2 7 14 1 
1 14 7 2 
3 8 10 0 
1 12 8 1 
1 10 7 3 
2 3 1 10 
6 7 7 0 
1 12 10 0 
3 9 8 3 
5 12 5 0 
3 6 12 1 
5 8 5 0 
4 13 6 0 
3 6 4 2 
5 12 6 0 
2 13 3 3 
3 7 4 1 
1 9 10 1 
1 5 3 2 
3 4 12 2 
3 13 4 2 
3 16 3 0 
3 6 5 2 
3 12 4 3 
3 6 12 1 
1 9 8 1 
9 6 7 0 
3 15 1 2 
0 11 9 0 
2 8 10 1 
2 11 7 2 
3 9 7 2 
3 9 8 2 
3 8 7 0 
1 11 10 0 
3 7 6 1 
3 9 4 6 
1 5 10 1 
2 7 10 2 
2 6 12 1 
2 8 9 0 
2 9 8 1 
1 7 8 0 
1 16 1 0 
4 10 4 1 
1 9 6 1 
1 11 8 1 
1 4 4 1 
1 12 5 3 
2 5 11 1 
3 9 7 0 
4 8 8 0 
4 8 4 2 
3 5 11 0 
4 10 7 0 
3 7 9 1 
2 15 2 0 
4 5 9 2 
3 6 4 7 
0 6 10 2 
6 6 4 2 
1 4 4 5 
3 8 6 0 
3 6 6 2 
8 6 3 2 
0 6 12 1 
3 9 6 0 
5 9 5 0 
2 5 10 1 
3 3 10 1 
10 4 5 0 
3 8 8 0 
4 6 8 0 
1 5 13 0 
1 8 10 0 
3 5 5 1 
7 6 5 1 
2 8 8 0 
4 11 4 0 
2 7 9 0 
9 5 4 1 
3 8 7 1 
2 7 7 0 
0 4 2 6 
4 6 8 1 
1 12 2 3 
2 7 6 1 
4 11 4 0 
2 11 6 0 
3 15 0 0 
1 7 8 2 
1 11 2 1 
1 2 12 2 
0 8 8 2 
0 2 15 0 
5 7 2 0 
0 3 14 0 
3 4 10 0 
2 8 4 2 
1 11 7 0 
3 5 7 4 
3 5 7 3 
4 9 3 2 
0 7 6 2 
3 7 5 1 
3 8 3 0 
2 7 2 4 
2 3 12 1 
1 9 7 1 
2 8 6 2 
8 3 2 1 
0 5 0 1 
1 7 8 0 
1 8 6 2 
6 7 4 0 
4 5 7 1 
3 4 10 1 
4 7 4 1 
2 16 0 0 
2 8 7 1 
5 9 4 0 
2 2 8 4 
1 8 8 1 
4 7 5 0 
2 6 5 1 
2 10 5 0 
4 7 6 1 
0 2 16 0 
4 12 1 1 
5 6 5 1 
3 7 5 3 
0 8 7 1 
3 6 5 1 
5 7 4 1 
2 9 5 1 
7 5 4 1 
0 4 0 1 
2 7 7 1 
1 12 4 0 
1 4 8 1 
1 7 6 1 
2 5 5 1 
0 5 5 0 
2 9 5 0 
4 3 10 0 
1 7 7 1 
6 7 3 0 
1 9 5 1 
4 2 6 2 
1 6 8 2 
5 3 8 1 
2 7 5 0 
0 7 7 2 
2 4 5 2 
1 5 4 2 
1 10 5 0 
1 5 10 0 
1 3 9 2 
2 7 6 0 
1 11 3 0 
4 10 0 1 
0 4 3 5 
2 6 6 1 
1 4 6 3 
2 5 6 0 
2 6 8 0 
1 7 4 1 
3 5 6 1 
1 9 3 0 
1 7 6 0 
0 3 8 5 
2 5 5 1 
1 6 9 0 
3 4 8 1 
1 7 6 2 
4 3 7 1 
2 3 8 3 
7 4 5 0 
2 10 2 1 
0 6 5 0 
0 6 8 1 
1 9 2 3 
0 5 1 6 
0 3 12 1 
2 7 5 0 
2 5 1 3 
0 10 2 0 
0 7 5 0 
0 6 4 4 
2 7 4 0 
5 4 5 0 
3 4 4 0 
1 6 4 2 
4 6 5 0 
4 4 6 1 
0 5 9 1 
1 7 6 0 
2 11 2 0 
1 8 4 0 
3 3 7 2 
2 6 2 5 
2 2 11 0 
0 11 1 2 
3 9 3 0 
2 4 8 0 
0 8 6 1 
2 3 4 0 
1 9 4 0 
1 4 9 1 
1 4 3 1 
2 8 4 0 
1 8 3 2 
2 6 5 2 
2 7 3 1 
8 3 4 0 
2 5 4 2 
1 3 3 4 
2 2 10 0 
0 5 8 1 
1 12 2 0 
2 6 2 2 
3 6 4 0 
2 6 3 0 
4 5 6 0 
1 10 1 0 
1 3 9 1 
0 0 1 6 
2 7 5 0 
0 9 4 0 
1 8 3 2 
1 6 5 0 
1 3 6 0 
1 8 2 1 
3 7 3 0 
0 7 5 0 
1 6 6 0 
3 2 9 0 
2 9 1 2 
2 5 4 1 
0 5 6 3 
2 5 5 2 
1 5 5 2 
2 6 5 0 
1 4 4 0 
0 9 5 0 
0 3 11 0 
2 5 4 0 
1 8 5 0 
3 4 6 1 
0 11 2 0 
3 2 6 0 
4 5 3 2 
4 3 5 0 
4 4 5 1 
2 4 6 0 
0 6 5 0 
2 4 8 0 
2 4 8 0 
0 6 8 0 
4 5 4 1 
2 6 3 1 
1 8 5 0 
0 7 5 0 
1 13 0 0 
3 3 7 0 
2 5 4 2 
1 11 2 0 
3 2 8 0 
1 9 4 0 
0 5 4 1 
0 10 4 0 
2 5 4 2 
2 1 7 1 
2 8 2 2 
2 6 3 1 
2 4 5 1 
1 6 4 1 
1 4 6 2 
2 5 6 0 
1 5 6 1 
0 6 5 1 
5 6 2 0 
1 3 7 1 
2 4 5 2 
1 4 7 1 
3 4 5 0 
3 6 4 0 
1 7 5 0 
1 6 4 2 
3 3 4 2 
1 7 5 0 
1 4 6 0 
2 5 5 1 
0 1 10 0 
1 7 2 1 
0 6 5 0 
0 6 0 0 
0 7 0 6 
1 8 3 0 
2 5 4 0 
0 2 8 0 
3 2 3 0 
2 5 4 1 
1 5 6 0 
2 6 4 0 
1 9 2 1 
0 12 1 0 
2 1 1 0 
1 3 5 0 
0 6 1 6 
0 6 1 2 
0 6 6 1 
2 4 2 1 
2 4 5 0 
2 5 5 0 
0 8 3 0 
1 4 7 0 
1 4 3 0 
0 2 11 0 
2 3 5 2 
6 4 0 1 
3 2 7 0 
1 6 3 2 
0 4 7 0 
1 7 5 0 
1 5 5 2 
1 5 3 2 
2 4 2 4 
1 10 1 0 
1 7 1 3 
0 7 5 0 
1 7 3 0 
0 10 0 1 
2 2 7 0 
5 2 4 1 
0 4 7 1 
0 4 5 0 
3 4 5 0 
2 5 4 0 
1 3 4 1 
0 2 0 1 
3 4 5 0 
1 4 2 4 
1 6 4 1 
2 8 2 0 
0 5 2 5 
2 7 1 2 
1 3 4 0 
2 6 4 0 
2 2 5 1 
0 9 2 0 
3 4 3 2 
2 2 5 1 
1 4 4 1 
0 3 7 1 
1 6 0 4 
2 3 4 1 
1 7 2 0 
2 3 7 0 
3 5 4 0 
3 0 2 1 
1 2 5 1 
0 5 3 3 
0 2 10 0 
3 3 4 1 
5 5 2 0 
0 6 2 1 
1 5 4 2 
0 2 6 3 
3 6 3 0 
3 7 2 0 
3 3 6 0 
1 4 7 0 
3 5 4 0 
0 6 6 0 
0 7 4 0 
2 2 7 0 
6 1 1 1 
0 3 7 1 
0 7 3 1 
2 6 3 0 
1 5 4 1 
1 5 1 0 
1 3 7 0 
1 6 1 0 
3 5 2 0 
2 6 3 0 
1 3 7 0 
3 3 3 1 
0 5 0 6 
2 3 2 0 
0 3 3 0 
1 6 2 2 
3 4 1 0 
1 4 6 0 
1 4 1 1 
0 4 5 0 
2 3 4 1 
1 4 3 1 
2 6 2 0 
1 5 5 0 
0 7 3 1 
5 1 4 1 
1 5 5 0 
3 4 4 0 
2 4 5 0 
3 4 4 0 
1 3 6 0 
4 5 2 0 
0 10 1 0 
4 3 4 0 
1 1 3 1 
2 1 4 4 
1 5 2 1 
1 8 2 0 
0 3 6 0 
1 4 4 0 
1 6 4 0 
1 4 5 1 
1 2 7 0 
1 3 5 0 
0 3 8 0 
0 1 4 6 
0 3 8 0 
0 3 8 0 
1 5 4 0 
0 5 4 2 
5 2 2 0 
2 7 1 1 
5 3 3 0 
0 2 8 1 
2 5 3 0 
2 5 2 0 
0 5 3 2 
0 9 0 2 
1 2 7 0 
2 4 4 1 
1 4 5 1 
2 5 2 0 
0 2 1 1 
2 3 5 0 
1 7 2 0 
3 1 1 1 
2 6 2 0 
2 4 4 0 
2 5 2 1 
2 3 2 0 
0 6 3 1 
0 5 4 1 
1 5 4 0 
1 4 2 1 
0 4 3 0 
2 4 4 0 
1 5 3 1 
1 4 3 0 
3 2 5 0 
0 2 7 0 
1 8 0 1 
1 6 1 2 
1 8 1 0 
0 4 0 6 
0 6 3 0 
0 6 2 1 
2 7 1 0 
1 5 4 0 
3 3 3 1 
2 5 3 0 
1 5 0 0 
4 3 2 0 
0 4 3 1 
2 6 2 0 
4 5 0 1 
0 4 5 1 
0 5 4 1 
1 4 3 1 
1 5 4 0 
3 5 1 0 
2 5 2 1 
1 6 3 0 
0 4 2 3 
1 3 6 0 
2 2 4 0 
2 3 4 1 
1 6 3 0 
2 3 3 0 
2 5 3 0 
2 6 2 0 
1 4 4 1 
2 5 3 0 
0 8 2 0 
3 2 5 0 
2 2 4 0 
3 5 2 0 
1 4 3 0 
1 4 4 0 
3 3 4 0 
4 4 1 0 
2 4 4 0 
0 4 3 0 
1 5 3 1 
3 3 3 1 
1 5 2 1 
4 1 3 0 
2 2 5 1 
2 3 5 0 
2 2 4 1 
2 3 4 0 
0 3 4 2 
3 3 3 0 
1 6 3 0 
0 5 4 1 
1 3 3 1 
0 3 5 2 
2 5 2 1 
1 5 1 1 
0 3 5 1 
2 3 2 0 
6 2 2 0 
2 3 3 2 
1 2 7 0 
0 4 4 0 
4 4 0 0 
0 4 6 0 
1 2 3 0 
